{
 "cells": [
  {
   "cell_type": "code",
   "execution_count": 4,
   "metadata": {},
   "outputs": [
    {
     "name": "stdout",
     "output_type": "stream",
     "text": [
      "<class 'pandas.core.frame.DataFrame'>\n",
      "The Min-Max method was applied to the messy dataset.\n",
      "          0         1         2         3         4         5         6   \\\n",
      "0   1.000000  0.049900 -0.007538 -0.199954  0.011486 -0.002258  0.001066   \n",
      "1   0.049900  1.000000 -0.021414 -0.019659 -0.004954 -0.002607 -0.012303   \n",
      "2  -0.007538 -0.021414  1.000000 -0.022005  0.032971 -0.003500 -0.028313   \n",
      "3  -0.199954 -0.019659 -0.022005  1.000000  0.033297 -0.047658  0.019794   \n",
      "4   0.011486 -0.004954  0.032971  0.033297  1.000000 -0.024329  0.032488   \n",
      "5  -0.002258 -0.002607 -0.003500 -0.047658 -0.024329  1.000000  0.028194   \n",
      "6   0.001066 -0.012303 -0.028313  0.019794  0.032488  0.028194  1.000000   \n",
      "7  -0.323948 -0.056629 -0.020188  0.208141  0.019940  0.028025  0.008976   \n",
      "8  -0.316858 -0.009311 -0.021569  0.199393  0.006339  0.032063  0.021378   \n",
      "9  -0.337649 -0.018161 -0.029082  0.217950  0.016498  0.028800  0.011555   \n",
      "10 -0.310166 -0.013868 -0.027252  0.204147  0.006285  0.024357  0.026893   \n",
      "11  0.242372  0.067049  0.036616 -0.084160 -0.047511 -0.003026 -0.077999   \n",
      "12  0.331982  0.017356 -0.029607  0.032693 -0.003578  0.005412 -0.022278   \n",
      "13  0.230657  0.052185  0.028005 -0.074024 -0.050625  0.002343 -0.086485   \n",
      "14  0.091395  0.065735 -0.018273  0.096292 -0.020861 -0.009796  0.038579   \n",
      "15  0.022611  0.033955  0.040929  0.028434  0.352673  0.013171  0.041274   \n",
      "16  0.235730  0.030328  0.035753  0.017126  0.000727 -0.042419 -0.087287   \n",
      "17  0.235166  0.071618  0.039405 -0.080740 -0.047238  0.002475 -0.074347   \n",
      "18 -0.005965 -0.011076  0.014355  0.012623 -0.046002  0.008852  0.337346   \n",
      "\n",
      "          7         8         9         10        11        12        13  \\\n",
      "0  -0.323948 -0.316858 -0.337649 -0.310166  0.242372  0.331982  0.230657   \n",
      "1  -0.056629 -0.009311 -0.018161 -0.013868  0.067049  0.017356  0.052185   \n",
      "2  -0.020188 -0.021569 -0.029082 -0.027252  0.036616 -0.029607  0.028005   \n",
      "3   0.208141  0.199393  0.217950  0.204147 -0.084160  0.032693 -0.074024   \n",
      "4   0.019940  0.006339  0.016498  0.006285 -0.047511 -0.003578 -0.050625   \n",
      "5   0.028025  0.032063  0.028800  0.024357 -0.003026  0.005412  0.002343   \n",
      "6   0.008976  0.021378  0.011555  0.026893 -0.077999 -0.022278 -0.086485   \n",
      "7   1.000000  0.905994  0.945902  0.889733 -0.332936 -0.124911 -0.316644   \n",
      "8   0.905994  1.000000  0.959253  0.910898 -0.345835 -0.128775 -0.331738   \n",
      "9   0.945902  0.959253  1.000000  0.942960 -0.358580 -0.154164 -0.341848   \n",
      "10  0.889733  0.910898  0.942960  1.000000 -0.349023 -0.130956 -0.336191   \n",
      "11 -0.332936 -0.345835 -0.358580 -0.349023  1.000000  0.262395  0.953803   \n",
      "12 -0.124911 -0.128775 -0.154164 -0.130956  0.262395  1.000000  0.254271   \n",
      "13 -0.316644 -0.331738 -0.341848 -0.336191  0.953803  0.254271  1.000000   \n",
      "14 -0.103281 -0.101335 -0.108903 -0.119213  0.234459  0.164667  0.209116   \n",
      "15 -0.015255 -0.047401 -0.029430 -0.018588  0.025140  0.012215 -0.004678   \n",
      "16 -0.126550 -0.147790 -0.147871 -0.116024  0.205298  0.186330  0.187671   \n",
      "17 -0.327123 -0.337717 -0.350787 -0.343325  0.988978  0.252166  0.953079   \n",
      "18 -0.024112 -0.043031 -0.039080 -0.025181  0.013492  0.017322  0.006793   \n",
      "\n",
      "          14        15        16        17        18  \n",
      "0   0.091395  0.022611  0.235730  0.235166 -0.005965  \n",
      "1   0.065735  0.033955  0.030328  0.071618 -0.011076  \n",
      "2  -0.018273  0.040929  0.035753  0.039405  0.014355  \n",
      "3   0.096292  0.028434  0.017126 -0.080740  0.012623  \n",
      "4  -0.020861  0.352673  0.000727 -0.047238 -0.046002  \n",
      "5  -0.009796  0.013171 -0.042419  0.002475  0.008852  \n",
      "6   0.038579  0.041274 -0.087287 -0.074347  0.337346  \n",
      "7  -0.103281 -0.015255 -0.126550 -0.327123 -0.024112  \n",
      "8  -0.101335 -0.047401 -0.147790 -0.337717 -0.043031  \n",
      "9  -0.108903 -0.029430 -0.147871 -0.350787 -0.039080  \n",
      "10 -0.119213 -0.018588 -0.116024 -0.343325 -0.025181  \n",
      "11  0.234459  0.025140  0.205298  0.988978  0.013492  \n",
      "12  0.164667  0.012215  0.186330  0.252166  0.017322  \n",
      "13  0.209116 -0.004678  0.187671  0.953079  0.006793  \n",
      "14  1.000000  0.005547  0.050973  0.235545  0.033418  \n",
      "15  0.005547  1.000000 -0.000870  0.017792 -0.002260  \n",
      "16  0.050973 -0.000870  1.000000  0.203393  0.004043  \n",
      "17  0.235545  0.017792  0.203393  1.000000  0.006207  \n",
      "18  0.033418 -0.002260  0.004043  0.006207  1.000000  \n",
      "          1         2         3         4         5         6         7   \\\n",
      "0   0.049900  0.007538  0.199954  0.011486  0.002258  0.001066  0.323948   \n",
      "1   1.000000  0.021414  0.019659  0.004954  0.002607  0.012303  0.056629   \n",
      "2   0.021414  1.000000  0.022005  0.032971  0.003500  0.028313  0.020188   \n",
      "3   0.019659  0.022005  1.000000  0.033297  0.047658  0.019794  0.208141   \n",
      "4   0.004954  0.032971  0.033297  1.000000  0.024329  0.032488  0.019940   \n",
      "5   0.002607  0.003500  0.047658  0.024329  1.000000  0.028194  0.028025   \n",
      "6   0.012303  0.028313  0.019794  0.032488  0.028194  1.000000  0.008976   \n",
      "7   0.056629  0.020188  0.208141  0.019940  0.028025  0.008976  1.000000   \n",
      "8   0.009311  0.021569  0.199393  0.006339  0.032063  0.021378  0.905994   \n",
      "9   0.018161  0.029082  0.217950  0.016498  0.028800  0.011555  0.945902   \n",
      "10  0.013868  0.027252  0.204147  0.006285  0.024357  0.026893  0.889733   \n",
      "11  0.067049  0.036616  0.084160  0.047511  0.003026  0.077999  0.332936   \n",
      "12  0.017356  0.029607  0.032693  0.003578  0.005412  0.022278  0.124911   \n",
      "13  0.052185  0.028005  0.074024  0.050625  0.002343  0.086485  0.316644   \n",
      "14  0.065735  0.018273  0.096292  0.020861  0.009796  0.038579  0.103281   \n",
      "15  0.033955  0.040929  0.028434  0.352673  0.013171  0.041274  0.015255   \n",
      "16  0.030328  0.035753  0.017126  0.000727  0.042419  0.087287  0.126550   \n",
      "17  0.071618  0.039405  0.080740  0.047238  0.002475  0.074347  0.327123   \n",
      "18  0.011076  0.014355  0.012623  0.046002  0.008852  0.337346  0.024112   \n",
      "\n",
      "          8         9         10        11        12        13        14  \\\n",
      "0   0.316858  0.337649  0.310166  0.242372  0.331982  0.230657  0.091395   \n",
      "1   0.009311  0.018161  0.013868  0.067049  0.017356  0.052185  0.065735   \n",
      "2   0.021569  0.029082  0.027252  0.036616  0.029607  0.028005  0.018273   \n",
      "3   0.199393  0.217950  0.204147  0.084160  0.032693  0.074024  0.096292   \n",
      "4   0.006339  0.016498  0.006285  0.047511  0.003578  0.050625  0.020861   \n",
      "5   0.032063  0.028800  0.024357  0.003026  0.005412  0.002343  0.009796   \n",
      "6   0.021378  0.011555  0.026893  0.077999  0.022278  0.086485  0.038579   \n",
      "7   0.905994  0.945902  0.889733  0.332936  0.124911  0.316644  0.103281   \n",
      "8   1.000000  0.959253  0.910898  0.345835  0.128775  0.331738  0.101335   \n",
      "9   0.959253  1.000000  0.942960  0.358580  0.154164  0.341848  0.108903   \n",
      "10  0.910898  0.942960  1.000000  0.349023  0.130956  0.336191  0.119213   \n",
      "11  0.345835  0.358580  0.349023  1.000000  0.262395  0.953803  0.234459   \n",
      "12  0.128775  0.154164  0.130956  0.262395  1.000000  0.254271  0.164667   \n",
      "13  0.331738  0.341848  0.336191  0.953803  0.254271  1.000000  0.209116   \n",
      "14  0.101335  0.108903  0.119213  0.234459  0.164667  0.209116  1.000000   \n",
      "15  0.047401  0.029430  0.018588  0.025140  0.012215  0.004678  0.005547   \n",
      "16  0.147790  0.147871  0.116024  0.205298  0.186330  0.187671  0.050973   \n",
      "17  0.337717  0.350787  0.343325  0.988978  0.252166  0.953079  0.235545   \n",
      "18  0.043031  0.039080  0.025181  0.013492  0.017322  0.006793  0.033418   \n",
      "\n",
      "          15        16        17        18  \n",
      "0   0.022611  0.235730  0.235166  0.005965  \n",
      "1   0.033955  0.030328  0.071618  0.011076  \n",
      "2   0.040929  0.035753  0.039405  0.014355  \n",
      "3   0.028434  0.017126  0.080740  0.012623  \n",
      "4   0.352673  0.000727  0.047238  0.046002  \n",
      "5   0.013171  0.042419  0.002475  0.008852  \n",
      "6   0.041274  0.087287  0.074347  0.337346  \n",
      "7   0.015255  0.126550  0.327123  0.024112  \n",
      "8   0.047401  0.147790  0.337717  0.043031  \n",
      "9   0.029430  0.147871  0.350787  0.039080  \n",
      "10  0.018588  0.116024  0.343325  0.025181  \n",
      "11  0.025140  0.205298  0.988978  0.013492  \n",
      "12  0.012215  0.186330  0.252166  0.017322  \n",
      "13  0.004678  0.187671  0.953079  0.006793  \n",
      "14  0.005547  0.050973  0.235545  0.033418  \n",
      "15  1.000000  0.000870  0.017792  0.002260  \n",
      "16  0.000870  1.000000  0.203393  0.004043  \n",
      "17  0.017792  0.203393  1.000000  0.006207  \n",
      "18  0.002260  0.004043  0.006207  1.000000  \n"
     ]
    },
    {
     "ename": "ValueError",
     "evalue": "Could not interpret value `3` for `x`. An entry with this name does not appear in `data`.",
     "output_type": "error",
     "traceback": [
      "\u001b[1;31m---------------------------------------------------------------------------\u001b[0m",
      "\u001b[1;31mValueError\u001b[0m                                Traceback (most recent call last)",
      "Cell \u001b[1;32mIn[4], line 31\u001b[0m\n\u001b[0;32m     29\u001b[0m \u001b[38;5;66;03m# Scatterplot for numerical data in the cleaned dataset: \u001b[39;00m\n\u001b[0;32m     30\u001b[0m plt\u001b[38;5;241m.\u001b[39mfigure(figsize\u001b[38;5;241m=\u001b[39m(\u001b[38;5;241m10\u001b[39m, \u001b[38;5;241m6\u001b[39m))\n\u001b[1;32m---> 31\u001b[0m \u001b[43msns\u001b[49m\u001b[38;5;241;43m.\u001b[39;49m\u001b[43mscatterplot\u001b[49m\u001b[43m(\u001b[49m\u001b[43mx\u001b[49m\u001b[38;5;241;43m=\u001b[39;49m\u001b[38;5;124;43m'\u001b[39;49m\u001b[38;5;124;43m3\u001b[39;49m\u001b[38;5;124;43m'\u001b[39;49m\u001b[43m,\u001b[49m\u001b[43m \u001b[49m\u001b[43my\u001b[49m\u001b[38;5;241;43m=\u001b[39;49m\u001b[38;5;124;43m'\u001b[39;49m\u001b[38;5;124;43m10\u001b[39;49m\u001b[38;5;124;43m'\u001b[39;49m\u001b[43m,\u001b[49m\u001b[43m \u001b[49m\u001b[43mdata\u001b[49m\u001b[38;5;241;43m=\u001b[39;49m\u001b[43mclean_dataset\u001b[49m\u001b[43m)\u001b[49m\n\u001b[0;32m     32\u001b[0m plt\u001b[38;5;241m.\u001b[39mtitle(\u001b[38;5;124m'\u001b[39m\u001b[38;5;124mAge vs Heart Rate(After Exercise)\u001b[39m\u001b[38;5;124m'\u001b[39m) \u001b[38;5;66;03m# This is a hypothetical assumption. \u001b[39;00m\n\u001b[0;32m     33\u001b[0m plt\u001b[38;5;241m.\u001b[39mxlabel(\u001b[38;5;124m'\u001b[39m\u001b[38;5;124mAge\u001b[39m\u001b[38;5;124m'\u001b[39m)\n",
      "File \u001b[1;32mc:\\Users\\Zahin\\AppData\\Local\\Programs\\Python\\Python310\\lib\\site-packages\\seaborn\\relational.py:615\u001b[0m, in \u001b[0;36mscatterplot\u001b[1;34m(data, x, y, hue, size, style, palette, hue_order, hue_norm, sizes, size_order, size_norm, markers, style_order, legend, ax, **kwargs)\u001b[0m\n\u001b[0;32m    606\u001b[0m \u001b[38;5;28;01mdef\u001b[39;00m\u001b[38;5;250m \u001b[39m\u001b[38;5;21mscatterplot\u001b[39m(\n\u001b[0;32m    607\u001b[0m     data\u001b[38;5;241m=\u001b[39m\u001b[38;5;28;01mNone\u001b[39;00m, \u001b[38;5;241m*\u001b[39m,\n\u001b[0;32m    608\u001b[0m     x\u001b[38;5;241m=\u001b[39m\u001b[38;5;28;01mNone\u001b[39;00m, y\u001b[38;5;241m=\u001b[39m\u001b[38;5;28;01mNone\u001b[39;00m, hue\u001b[38;5;241m=\u001b[39m\u001b[38;5;28;01mNone\u001b[39;00m, size\u001b[38;5;241m=\u001b[39m\u001b[38;5;28;01mNone\u001b[39;00m, style\u001b[38;5;241m=\u001b[39m\u001b[38;5;28;01mNone\u001b[39;00m,\n\u001b[1;32m   (...)\u001b[0m\n\u001b[0;32m    612\u001b[0m     \u001b[38;5;241m*\u001b[39m\u001b[38;5;241m*\u001b[39mkwargs\n\u001b[0;32m    613\u001b[0m ):\n\u001b[1;32m--> 615\u001b[0m     p \u001b[38;5;241m=\u001b[39m \u001b[43m_ScatterPlotter\u001b[49m\u001b[43m(\u001b[49m\n\u001b[0;32m    616\u001b[0m \u001b[43m        \u001b[49m\u001b[43mdata\u001b[49m\u001b[38;5;241;43m=\u001b[39;49m\u001b[43mdata\u001b[49m\u001b[43m,\u001b[49m\n\u001b[0;32m    617\u001b[0m \u001b[43m        \u001b[49m\u001b[43mvariables\u001b[49m\u001b[38;5;241;43m=\u001b[39;49m\u001b[38;5;28;43mdict\u001b[39;49m\u001b[43m(\u001b[49m\u001b[43mx\u001b[49m\u001b[38;5;241;43m=\u001b[39;49m\u001b[43mx\u001b[49m\u001b[43m,\u001b[49m\u001b[43m \u001b[49m\u001b[43my\u001b[49m\u001b[38;5;241;43m=\u001b[39;49m\u001b[43my\u001b[49m\u001b[43m,\u001b[49m\u001b[43m \u001b[49m\u001b[43mhue\u001b[49m\u001b[38;5;241;43m=\u001b[39;49m\u001b[43mhue\u001b[49m\u001b[43m,\u001b[49m\u001b[43m \u001b[49m\u001b[43msize\u001b[49m\u001b[38;5;241;43m=\u001b[39;49m\u001b[43msize\u001b[49m\u001b[43m,\u001b[49m\u001b[43m \u001b[49m\u001b[43mstyle\u001b[49m\u001b[38;5;241;43m=\u001b[39;49m\u001b[43mstyle\u001b[49m\u001b[43m)\u001b[49m\u001b[43m,\u001b[49m\n\u001b[0;32m    618\u001b[0m \u001b[43m        \u001b[49m\u001b[43mlegend\u001b[49m\u001b[38;5;241;43m=\u001b[39;49m\u001b[43mlegend\u001b[49m\n\u001b[0;32m    619\u001b[0m \u001b[43m    \u001b[49m\u001b[43m)\u001b[49m\n\u001b[0;32m    621\u001b[0m     p\u001b[38;5;241m.\u001b[39mmap_hue(palette\u001b[38;5;241m=\u001b[39mpalette, order\u001b[38;5;241m=\u001b[39mhue_order, norm\u001b[38;5;241m=\u001b[39mhue_norm)\n\u001b[0;32m    622\u001b[0m     p\u001b[38;5;241m.\u001b[39mmap_size(sizes\u001b[38;5;241m=\u001b[39msizes, order\u001b[38;5;241m=\u001b[39msize_order, norm\u001b[38;5;241m=\u001b[39msize_norm)\n",
      "File \u001b[1;32mc:\\Users\\Zahin\\AppData\\Local\\Programs\\Python\\Python310\\lib\\site-packages\\seaborn\\relational.py:396\u001b[0m, in \u001b[0;36m_ScatterPlotter.__init__\u001b[1;34m(self, data, variables, legend)\u001b[0m\n\u001b[0;32m    387\u001b[0m \u001b[38;5;28;01mdef\u001b[39;00m\u001b[38;5;250m \u001b[39m\u001b[38;5;21m__init__\u001b[39m(\u001b[38;5;28mself\u001b[39m, \u001b[38;5;241m*\u001b[39m, data\u001b[38;5;241m=\u001b[39m\u001b[38;5;28;01mNone\u001b[39;00m, variables\u001b[38;5;241m=\u001b[39m{}, legend\u001b[38;5;241m=\u001b[39m\u001b[38;5;28;01mNone\u001b[39;00m):\n\u001b[0;32m    388\u001b[0m \n\u001b[0;32m    389\u001b[0m     \u001b[38;5;66;03m# TODO this is messy, we want the mapping to be agnostic about\u001b[39;00m\n\u001b[0;32m    390\u001b[0m     \u001b[38;5;66;03m# the kind of plot to draw, but for the time being we need to set\u001b[39;00m\n\u001b[0;32m    391\u001b[0m     \u001b[38;5;66;03m# this information so the SizeMapping can use it\u001b[39;00m\n\u001b[0;32m    392\u001b[0m     \u001b[38;5;28mself\u001b[39m\u001b[38;5;241m.\u001b[39m_default_size_range \u001b[38;5;241m=\u001b[39m (\n\u001b[0;32m    393\u001b[0m         np\u001b[38;5;241m.\u001b[39mr_[\u001b[38;5;241m.5\u001b[39m, \u001b[38;5;241m2\u001b[39m] \u001b[38;5;241m*\u001b[39m np\u001b[38;5;241m.\u001b[39msquare(mpl\u001b[38;5;241m.\u001b[39mrcParams[\u001b[38;5;124m\"\u001b[39m\u001b[38;5;124mlines.markersize\u001b[39m\u001b[38;5;124m\"\u001b[39m])\n\u001b[0;32m    394\u001b[0m     )\n\u001b[1;32m--> 396\u001b[0m     \u001b[38;5;28;43msuper\u001b[39;49m\u001b[43m(\u001b[49m\u001b[43m)\u001b[49m\u001b[38;5;241;43m.\u001b[39;49m\u001b[38;5;21;43m__init__\u001b[39;49m\u001b[43m(\u001b[49m\u001b[43mdata\u001b[49m\u001b[38;5;241;43m=\u001b[39;49m\u001b[43mdata\u001b[49m\u001b[43m,\u001b[49m\u001b[43m \u001b[49m\u001b[43mvariables\u001b[49m\u001b[38;5;241;43m=\u001b[39;49m\u001b[43mvariables\u001b[49m\u001b[43m)\u001b[49m\n\u001b[0;32m    398\u001b[0m     \u001b[38;5;28mself\u001b[39m\u001b[38;5;241m.\u001b[39mlegend \u001b[38;5;241m=\u001b[39m legend\n",
      "File \u001b[1;32mc:\\Users\\Zahin\\AppData\\Local\\Programs\\Python\\Python310\\lib\\site-packages\\seaborn\\_base.py:634\u001b[0m, in \u001b[0;36mVectorPlotter.__init__\u001b[1;34m(self, data, variables)\u001b[0m\n\u001b[0;32m    629\u001b[0m \u001b[38;5;66;03m# var_ordered is relevant only for categorical axis variables, and may\u001b[39;00m\n\u001b[0;32m    630\u001b[0m \u001b[38;5;66;03m# be better handled by an internal axis information object that tracks\u001b[39;00m\n\u001b[0;32m    631\u001b[0m \u001b[38;5;66;03m# such information and is set up by the scale_* methods. The analogous\u001b[39;00m\n\u001b[0;32m    632\u001b[0m \u001b[38;5;66;03m# information for numeric axes would be information about log scales.\u001b[39;00m\n\u001b[0;32m    633\u001b[0m \u001b[38;5;28mself\u001b[39m\u001b[38;5;241m.\u001b[39m_var_ordered \u001b[38;5;241m=\u001b[39m {\u001b[38;5;124m\"\u001b[39m\u001b[38;5;124mx\u001b[39m\u001b[38;5;124m\"\u001b[39m: \u001b[38;5;28;01mFalse\u001b[39;00m, \u001b[38;5;124m\"\u001b[39m\u001b[38;5;124my\u001b[39m\u001b[38;5;124m\"\u001b[39m: \u001b[38;5;28;01mFalse\u001b[39;00m}  \u001b[38;5;66;03m# alt., used DefaultDict\u001b[39;00m\n\u001b[1;32m--> 634\u001b[0m \u001b[38;5;28;43mself\u001b[39;49m\u001b[38;5;241;43m.\u001b[39;49m\u001b[43massign_variables\u001b[49m\u001b[43m(\u001b[49m\u001b[43mdata\u001b[49m\u001b[43m,\u001b[49m\u001b[43m \u001b[49m\u001b[43mvariables\u001b[49m\u001b[43m)\u001b[49m\n\u001b[0;32m    636\u001b[0m \u001b[38;5;66;03m# TODO Lots of tests assume that these are called to initialize the\u001b[39;00m\n\u001b[0;32m    637\u001b[0m \u001b[38;5;66;03m# mappings to default values on class initialization. I'd prefer to\u001b[39;00m\n\u001b[0;32m    638\u001b[0m \u001b[38;5;66;03m# move away from that and only have a mapping when explicitly called.\u001b[39;00m\n\u001b[0;32m    639\u001b[0m \u001b[38;5;28;01mfor\u001b[39;00m var \u001b[38;5;129;01min\u001b[39;00m [\u001b[38;5;124m\"\u001b[39m\u001b[38;5;124mhue\u001b[39m\u001b[38;5;124m\"\u001b[39m, \u001b[38;5;124m\"\u001b[39m\u001b[38;5;124msize\u001b[39m\u001b[38;5;124m\"\u001b[39m, \u001b[38;5;124m\"\u001b[39m\u001b[38;5;124mstyle\u001b[39m\u001b[38;5;124m\"\u001b[39m]:\n",
      "File \u001b[1;32mc:\\Users\\Zahin\\AppData\\Local\\Programs\\Python\\Python310\\lib\\site-packages\\seaborn\\_base.py:679\u001b[0m, in \u001b[0;36mVectorPlotter.assign_variables\u001b[1;34m(self, data, variables)\u001b[0m\n\u001b[0;32m    674\u001b[0m \u001b[38;5;28;01melse\u001b[39;00m:\n\u001b[0;32m    675\u001b[0m     \u001b[38;5;66;03m# When dealing with long-form input, use the newer PlotData\u001b[39;00m\n\u001b[0;32m    676\u001b[0m     \u001b[38;5;66;03m# object (internal but introduced for the objects interface)\u001b[39;00m\n\u001b[0;32m    677\u001b[0m     \u001b[38;5;66;03m# to centralize / standardize data consumption logic.\u001b[39;00m\n\u001b[0;32m    678\u001b[0m     \u001b[38;5;28mself\u001b[39m\u001b[38;5;241m.\u001b[39minput_format \u001b[38;5;241m=\u001b[39m \u001b[38;5;124m\"\u001b[39m\u001b[38;5;124mlong\u001b[39m\u001b[38;5;124m\"\u001b[39m\n\u001b[1;32m--> 679\u001b[0m     plot_data \u001b[38;5;241m=\u001b[39m \u001b[43mPlotData\u001b[49m\u001b[43m(\u001b[49m\u001b[43mdata\u001b[49m\u001b[43m,\u001b[49m\u001b[43m \u001b[49m\u001b[43mvariables\u001b[49m\u001b[43m)\u001b[49m\n\u001b[0;32m    680\u001b[0m     frame \u001b[38;5;241m=\u001b[39m plot_data\u001b[38;5;241m.\u001b[39mframe\n\u001b[0;32m    681\u001b[0m     names \u001b[38;5;241m=\u001b[39m plot_data\u001b[38;5;241m.\u001b[39mnames\n",
      "File \u001b[1;32mc:\\Users\\Zahin\\AppData\\Local\\Programs\\Python\\Python310\\lib\\site-packages\\seaborn\\_core\\data.py:58\u001b[0m, in \u001b[0;36mPlotData.__init__\u001b[1;34m(self, data, variables)\u001b[0m\n\u001b[0;32m     51\u001b[0m \u001b[38;5;28;01mdef\u001b[39;00m\u001b[38;5;250m \u001b[39m\u001b[38;5;21m__init__\u001b[39m(\n\u001b[0;32m     52\u001b[0m     \u001b[38;5;28mself\u001b[39m,\n\u001b[0;32m     53\u001b[0m     data: DataSource,\n\u001b[0;32m     54\u001b[0m     variables: \u001b[38;5;28mdict\u001b[39m[\u001b[38;5;28mstr\u001b[39m, VariableSpec],\n\u001b[0;32m     55\u001b[0m ):\n\u001b[0;32m     57\u001b[0m     data \u001b[38;5;241m=\u001b[39m handle_data_source(data)\n\u001b[1;32m---> 58\u001b[0m     frame, names, ids \u001b[38;5;241m=\u001b[39m \u001b[38;5;28;43mself\u001b[39;49m\u001b[38;5;241;43m.\u001b[39;49m\u001b[43m_assign_variables\u001b[49m\u001b[43m(\u001b[49m\u001b[43mdata\u001b[49m\u001b[43m,\u001b[49m\u001b[43m \u001b[49m\u001b[43mvariables\u001b[49m\u001b[43m)\u001b[49m\n\u001b[0;32m     60\u001b[0m     \u001b[38;5;28mself\u001b[39m\u001b[38;5;241m.\u001b[39mframe \u001b[38;5;241m=\u001b[39m frame\n\u001b[0;32m     61\u001b[0m     \u001b[38;5;28mself\u001b[39m\u001b[38;5;241m.\u001b[39mnames \u001b[38;5;241m=\u001b[39m names\n",
      "File \u001b[1;32mc:\\Users\\Zahin\\AppData\\Local\\Programs\\Python\\Python310\\lib\\site-packages\\seaborn\\_core\\data.py:232\u001b[0m, in \u001b[0;36mPlotData._assign_variables\u001b[1;34m(self, data, variables)\u001b[0m\n\u001b[0;32m    230\u001b[0m     \u001b[38;5;28;01melse\u001b[39;00m:\n\u001b[0;32m    231\u001b[0m         err \u001b[38;5;241m+\u001b[39m\u001b[38;5;241m=\u001b[39m \u001b[38;5;124m\"\u001b[39m\u001b[38;5;124mAn entry with this name does not appear in `data`.\u001b[39m\u001b[38;5;124m\"\u001b[39m\n\u001b[1;32m--> 232\u001b[0m     \u001b[38;5;28;01mraise\u001b[39;00m \u001b[38;5;167;01mValueError\u001b[39;00m(err)\n\u001b[0;32m    234\u001b[0m \u001b[38;5;28;01melse\u001b[39;00m:\n\u001b[0;32m    235\u001b[0m \n\u001b[0;32m    236\u001b[0m     \u001b[38;5;66;03m# Otherwise, assume the value somehow represents data\u001b[39;00m\n\u001b[0;32m    237\u001b[0m \n\u001b[0;32m    238\u001b[0m     \u001b[38;5;66;03m# Ignore empty data structures\u001b[39;00m\n\u001b[0;32m    239\u001b[0m     \u001b[38;5;28;01mif\u001b[39;00m \u001b[38;5;28misinstance\u001b[39m(val, Sized) \u001b[38;5;129;01mand\u001b[39;00m \u001b[38;5;28mlen\u001b[39m(val) \u001b[38;5;241m==\u001b[39m \u001b[38;5;241m0\u001b[39m:\n",
      "\u001b[1;31mValueError\u001b[0m: Could not interpret value `3` for `x`. An entry with this name does not appear in `data`."
     ]
    },
    {
     "data": {
      "text/plain": [
       "<Figure size 1000x600 with 0 Axes>"
      ]
     },
     "metadata": {},
     "output_type": "display_data"
    }
   ],
   "source": [
    "# Import necessary modules\n",
    "import data_preprocessor as dp\n",
    "import pandas as pd\n",
    "from sklearn.linear_model import LogisticRegression\n",
    "from sklearn.metrics import accuracy_score\n",
    "\n",
    "\n",
    "# 1. Load and examine the dataset\n",
    "messy_dataset = pd.read_csv('C:/Users/Zahin/Desktop/Semester 2/Machine Learning and AI/Assignment 1/Assignment1/Scripts/messy_data.csv')\n",
    "clean_dataset = messy_dataset.copy()\n",
    "#messy_dataset.head()\n",
    "#messy_dataset.info()\n",
    "#messy_dataset.describe()\n",
    "print(type(messy_dataset))\n",
    "\n",
    "# 2. Preprocessing data and identify issues\n",
    "clean_dataset = dp.impute_missing_values(clean_dataset, strategy='mean')\n",
    "clean_dataset = dp.remove_duplicates(clean_dataset)\n",
    "clean_dataset = dp.normalize_data(clean_dataset)\n",
    "clean_dataset = dp.remove_redundant_features(clean_dataset)\n",
    "print(clean_dataset)\n",
    "\n",
    "\n",
    "\n",
    "# Visualization of the cleaned dataset\n",
    "import matplotlib.pyplot as plt\n",
    "import seaborn as sns \n",
    "\n",
    "# Scatterplot for numerical data in the cleaned dataset: \n",
    "plt.figure(figsize=(10, 6))\n",
    "sns.scatterplot(x='3', y='10', data=clean_dataset)\n",
    "plt.title('Age vs Heart Rate(After Exercise)') # This is a hypothetical assumption. \n",
    "plt.xlabel('Age')\n",
    "plt.ylabel('Heart Rate')\n",
    "plt.show()\n",
    "\n",
    "# 3. Save the cleaned dataset\n",
    "clean_dataset.to_csv('C:/Users/Zahin/Desktop/Semester 2/Machine Learning and AI/Assignment 1/Assignment1/Scripts/clean_dataset.csv', index=False)\n",
    "clean_dataset.head()\n",
    "clean_dataset.info()\n",
    "clean_dataset.describe()\n",
    "\n",
    "\n",
    "# 4. Train and evaluate the model\n",
    "#simple_model(clean_dataset)"
   ]
  }
 ],
 "metadata": {
  "kernelspec": {
   "display_name": "Python 3",
   "language": "python",
   "name": "python3"
  },
  "language_info": {
   "codemirror_mode": {
    "name": "ipython",
    "version": 3
   },
   "file_extension": ".py",
   "mimetype": "text/x-python",
   "name": "python",
   "nbconvert_exporter": "python",
   "pygments_lexer": "ipython3",
   "version": "3.10.6"
  }
 },
 "nbformat": 4,
 "nbformat_minor": 2
}
